// Ambient reflection.
0.6 0.0 0.0
0.6 0.0 0.0
// Diffuse & specular reflection.
0.0 0.8 0.8 
0.9 0.5 0.7 
400 800 -1200 
0.001 0.0001 0.0000001 
//
0.1 
//Cosinus exponent
0.2
--
0.6 0.0 0.0
0.6 0.0 0.0
0.0 0.8 0.8 
0.9 0.5 0.7 
400 800 -1200 
0.001 0.0001 0.0000001 
0.2 
0.2
--
0.6 0.0 0.0
0.6 0.0 0.0
0.0 0.8 0.8 
0.9 0.5 0.7 
400 800 -1200 
0.001 0.0001 0.0000001 
0.3 
0.2
--
0.6 0.0 0.0
0.6 0.0 0.0
0.0 0.8 0.8 
0.9 0.5 0.7 
400 800 -1200 
0.001 0.0001 0.0000001 
0.4
0.2
--
0.6 0.0 0.0
0.6 0.0 0.0
0.0 0.8 0.8 
0.9 0.5 0.7 
400 800 -1200 
0.001 0.0001 0.0000001 
0.5 
0.2
--
//second row
0.6 0.0 0.0
0.6 0.0 0.0
0.0 0.8 0.8 
0.9 0.5 0.7 
400 800 -1200 
0.001 0.0001 0.0000001 
0.1 
0.3
--
0.6 0.0 0.0
0.6 0.0 0.0
0.0 0.8 0.8 
0.9 0.5 0.7 
400 800 -1200 
0.001 0.0001 0.0000001 
0.2 
0.2
--
0.6 0.0 0.0
0.6 0.0 0.0
0.0 0.8 0.8 
0.9 0.5 0.7 
400 800 -1200 
0.001 0.0001 0.0000001 
0.2 
0.2
--
0.6 0.0 0.0
0.6 0.0 0.0
0.0 0.8 0.8 
0.9 0.5 0.7 
400 800 -1200 
0.001 0.0001 0.0000001 
0.2 
0.2
--
0.6 0.0 0.0
0.6 0.0 0.0
0.0 0.8 0.8 
0.9 0.5 0.7 
400 800 -1200 
0.001 0.0001 0.0000001 
0.2 
0.2
--
//third row
0.6 0.0 0.0
0.6 0.0 0.0
0.0 0.8 0.8 
0.9 0.5 0.7 
400 800 -1200 
0.001 0.0001 0.0000001 
0.1 
0.4
--
0.6 0.0 0.0
0.6 0.0 0.0
0.0 0.8 0.8 
0.9 0.5 0.7 
400 800 -1200 
0.001 0.0001 0.0000001 
0.1 
0.2
--
0.6 0.0 0.0
0.6 0.0 0.0
0.0 0.8 0.8 
0.9 0.5 0.7 
400 800 -1200 
0.001 0.0001 0.0000001 
0.1 
0.2
--
0.6 0.0 0.0
0.6 0.0 0.0
0.0 0.8 0.8 
0.9 0.5 0.7 
400 800 -1200 
0.001 0.0001 0.0000001 
0.1 
0.2
--
0.6 0.0 0.0
0.6 0.0 0.0
0.0 0.8 0.8 
0.9 0.5 0.7 
400 800 -1200 
0.001 0.0001 0.0000001 
0.1 
0.2
--
//fourth row
0.6 0.0 0.0
0.6 0.0 0.0
0.0 0.8 0.8 
0.9 0.5 0.7 
400 800 -1200 
0.001 0.0001 0.0000001 
0.1 
0.5
--
0.6 0.0 0.0
0.6 0.0 0.0
0.0 0.8 0.8 
0.9 0.5 0.7 
400 800 -1200 
0.001 0.0001 0.0000001 
0.1 
0.5
--
0.6 0.0 0.0
0.6 0.0 0.0
0.0 0.8 0.8 
0.9 0.5 0.7 
400 800 -1200 
0.001 0.0001 0.0000001 
0.1 
0.5
--
0.6 0.0 0.0
0.6 0.0 0.0
0.0 0.8 0.8 
0.9 0.5 0.7 
400 800 -1200 
0.001 0.0001 0.0000001 
0.1 
0.5
--
0.6 0.0 0.0
0.6 0.0 0.0
0.0 0.8 0.8 
0.9 0.5 0.7 
400 800 -1200 
0.001 0.0001 0.0000001 
0.1 
0.5